
























































   INSTITUTO DE PREVISION SOCIAL                                                                                  HOJA NRO.      1
   PGM: LISTHISC   EJECUTADO EL 27/09/2021A LAS  13:12:36  HS
                   ACTUALIZACION AL MAESTRO HISTORICO DE CARGOS

 AAAA MM     CODIGO          BASICO         SUPL1     SUPL2        ANTIG      SUMAFIJ1       SUMAFIJ2           SUMAFIJ3
 2021-10  M109S0010000000    54.590,28         0,00    21.500,00     1.637,70                                54.590,28
 2021-10  M109S0510000000    77.154,32         0,00    48.000,00     2.314,62                                77.154,32
 2021-10  M109S4840000000    67.510,03         0,00    48.000,00     2.025,30                                67.510,03
 2021-10  M109S1030000000    38.577,16         0,00    20.000,00     1.157,31                                38.577,16
 2021-10  M109S3020000000    57.865,74         0,00    30.000,00     1.735,97                                57.865,74
 2021-10  M109S3120000000    57.865,74         0,00         0,00     1.735,97                                57.865,74
 2021-10  M109S4500000000    77.154,32         0,00    48.000,00     2.314,62                                77.154,32
 2021-10  M109S4760000000    57.865,74         0,00    30.000,00     1.735,97                                57.865,74
 2021-10  M109S5010000000    57.865,74         0,00    30.000,00     1.735,97                                57.865,74
 2021-10  M109S4630000000    43.677,90         0,00         0,00     1.310,33                                43.677,90
 2021-10  M109S0500000000    65.039,62         0,00         0,00       650,39                                65.039,62
 2021-10  M109S2520000000   390.237,72         0,00         0,00     3.902,37                               390.237,72
 2021-10  M109S1000000000    57.865,74         0,00    20.000,00     1.735,97                                57.865,74
 2021-10  M109S1200000000    15.960,92         0,00         0,00       478,82                                15.960,92
 2021-10  M109S4560000000    72.787,04         0,00    48.000,00     2.183,61                                72.787,04
 2021-10  M109S4600000000    72.787,04         0,00    48.000,00     2.183,61                                72.787,04
 2021-10  M109S4880000000    34.004,05         0,00         0,00     1.020,12                                34.004,05
 2021-10  M109S1080000000    22.527,84         0,00    86.000,00       675,83                                22.527,84
 2021-10  M109S0600000000    16.170,73         0,00         0,00       485,12                                16.170,73
 2021-10  M109TP000000000     1.000,00         0,00         0,00         0,00
 2021-10  M109TS000000000     1.600,00         0,00         0,00         0,00
 2021-10  M109TT000000000     2.000,00         0,00         0,00         0,00
 2021-10  M109TU000000000     3.200,00         0,00         0,00         0,00
 2021-10  M109TI000000000     2.000,00         0,00         0,00         0,00
 2021-10  M109TC000000000     2.000,00         0,00         0,00         0,00
 2021-10  M1099E112400000    19.958,69    15.368,19         0,00       883,17                     153,00     35.326,88
 2021-10  M1099E392400000    19.958,69         0,00         0,00       498,96                     153,00     19.958,69
 2021-10  M1099E113600000    29.938,03    23.052,28         0,00     1.324,75                     215,00     52.990,31
 2021-10  M1099E393600000    29.938,03         0,00         0,00       748,45                     215,00     29.938,03
 2021-10  M1099E114800000    39.917,38    30.736,38         0,00     1.766,34                     276,00     70.653,76
 2021-10  M1099E394800000    39.917,38         0,00         0,00       997,93                     276,00     39.917,38
 2021-10  M1099B112400000    21.141,42    16.278,90         0,00       935,50                     153,00     37.420,32
 2021-10  M1099B392400000    21.141,42         0,00         0,00       528,53                     153,00     21.141,42
 2021-10  M1099B113600000    31.712,14    24.418,35         0,00     1.403,26                     215,00     56.130,49
 2021-10  M1099B393600000    31.712,14         0,00         0,00       792,80                     215,00     31.712,14
 2021-10  M1099B114800000    42.282,85    32.557,80         0,00     1.871,01                     276,00     74.840,65
 2021-10  M1099B394800000    42.282,85         0,00         0,00     1.057,07                     276,00     42.282,85
 2021-10  M1099H112400000    22.472,00    17.303,44         0,00       994,38                     153,00     39.775,44
 2021-10  M1099H392400000    22.472,00         0,00         0,00       561,80                     153,00     22.472,00
 2021-10  M1099H113600000    33.708,01    25.955,16         0,00     1.491,57                     215,00     59.663,17
 2021-10  M1099H393600000    33.708,01         0,00         0,00       842,70                     215,00     33.708,01
 2021-10  M1099H114800000    44.944,01    34.606,89         0,00     1.988,77                     276,00     79.550,90
 2021-10  M1099H394800000    44.944,01         0,00         0,00     1.123,60                     276,00     44.944,01
 2021-10  M1099I112400000    23.654,74    17.303,44         0,00     1.023,95                     153,00     40.958,18
 2021-10  M1099I392400000    23.654,74         0,00         0,00       591,36                     153,00     23.654,74
 2021-10  M1099I113600000    35.482,11    25.955,16         0,00     1.535,93                     215,00     61.437,27
 2021-10  M1099I393600000    35.482,11         0,00         0,00       887,05                     215,00     35.482,11
 2021-10  M1099I114800000    47.309,49    34.606,89         0,00     2.047,90                     276,00     81.916,38
 2021-10  M1099I394800000    47.309,49         0,00         0,00     1.182,73                     276,00     47.309,49
 2021-10  M1099K112400000    24.985,32    17.303,44         0,00     1.057,21                     153,00     42.288,76
 2021-10  M1099K392400000    24.985,32         0,00         0,00       624,63                     153,00     24.985,32


   INSTITUTO DE PREVISION SOCIAL                                                                                  HOJA NRO.      2
   PGM: LISTHISC   EJECUTADO EL 27/09/2021A LAS  13:12:36  HS
                   ACTUALIZACION AL MAESTRO HISTORICO DE CARGOS

 AAAA MM     CODIGO          BASICO         SUPL1     SUPL2        ANTIG      SUMAFIJ1       SUMAFIJ2           SUMAFIJ3
 2021-10  M1099K113600000    37.477,98    25.955,16         0,00     1.585,82                     215,00     63.433,14
 2021-10  M1099K393600000    37.477,98         0,00         0,00       936,94                     215,00     37.477,98
 2021-10  M1099K114800000    49.970,65    34.606,89         0,00     2.114,43                     276,00     84.577,54
 2021-10  M1099K394800000    49.970,65         0,00         0,00     1.249,26                     276,00     49.970,65
 2021-10  M10910013000000    27.942,63         0,00         0,00       838,27                                27.942,63
 2021-10  M10910013500000    32.717,13         0,00         0,00       981,51                                32.717,13
 2021-10  M10910013600000    33.648,11         0,00         0,00     1.009,44                                33.648,11
 2021-10  M10910014000000    37.148,33         0,00         0,00     1.114,44                                37.148,33
 2021-10  M10910014400000    41.123,70         0,00         0,00     1.233,71                                41.123,70
 2021-10  M10910014800000    44.303,35         0,00         0,00     1.329,10                                44.303,35
 2021-10  M10910012400000    22.362,84         0,00         0,00       670,88                                22.362,84
 2021-10  M109101A3000000    22.354,10         0,00         0,00       670,62                                22.354,10
 2021-10  M109101A3500000    26.173,70         0,00         0,00       785,21                                26.173,70
 2021-10  M109101A3600000    26.918,48         0,00         0,00       807,55                                26.918,48
 2021-10  M109101A4000000    29.718,66         0,00         0,00       891,55                                29.718,66
 2021-10  M109101A4400000    32.898,96         0,00         0,00       986,96                                32.898,96
 2021-10  M109101A4800000    35.442,67         0,00         0,00     1.063,28                                35.442,67
 2021-10  M109101A2400000    17.890,26         0,00         0,00       536,70                                17.890,26
 2021-10  M10910023000000    15.717,73         0,00         0,00       471,53                                15.717,73
 2021-10  M10910023500000    18.403,38         0,00         0,00       552,10                                18.403,38
 2021-10  M10910023600000    18.927,06         0,00         0,00       567,81                                18.927,06
 2021-10  M10910024000000    20.895,93         0,00         0,00       626,87                                20.895,93
 2021-10  M10910024400000    23.132,08         0,00         0,00       693,96                                23.132,08
 2021-10  M10910024800000    24.920,63         0,00         0,00       747,61                                24.920,63
 2021-10  M10910022400000    12.579,09         0,00         0,00       377,37                                12.579,09
 2021-10  M10920013000000    15.717,73         0,00         0,00       471,53                                15.717,73
 2021-10  M10920013500000    18.403,38         0,00         0,00       552,10                                18.403,38
 2021-10  M10920013600000    18.927,06         0,00         0,00       567,81                                18.927,06
 2021-10  M10920014000000    20.895,93         0,00         0,00       626,87                                20.895,93
 2021-10  M10920014400000    23.132,08         0,00         0,00       693,96                                23.132,08
 2021-10  M10920014800000    24.920,63         0,00         0,00       747,61                                24.920,63
 2021-10  M10920012400000    12.579,09         0,00         0,00       377,37                                12.579,09
 2021-10  M1091N173000000    14.508,67         0,00         0,00       435,26                                14.508,67
 2021-10  M1091N173500000    16.987,74         0,00         0,00       509,63                                16.987,74
 2021-10  M1091N173600000    17.471,13         0,00         0,00       524,13                                17.471,13
 2021-10  M1091N174000000    19.288,55         0,00         0,00       578,65                                19.288,55
 2021-10  M1091N174400000    21.352,69         0,00         0,00       640,58                                21.352,69
 2021-10  M1091N174800000    23.003,66         0,00         0,00       690,10                                23.003,66
 2021-10  M1091N172400000    11.611,47         0,00         0,00       348,34                                11.611,47
 2021-10  M1093N173000000    14.508,67         0,00         0,00       435,26                                14.508,67
 2021-10  M1093N173500000    16.987,74         0,00         0,00       509,63                                16.987,74
 2021-10  M1093N173600000    17.471,13         0,00         0,00       524,13                                17.471,13
 2021-10  M1093N174000000    19.288,55         0,00         0,00       578,65                                19.288,55
 2021-10  M1093N174400000    21.352,69         0,00         0,00       640,58                                21.352,69
 2021-10  M1093N174800000    23.003,66         0,00         0,00       690,10                                23.003,66
 2021-10  M1093N172400000    11.611,47         0,00         0,00       348,34                                11.611,47
 2021-10  M1094N173000000    14.508,67         0,00         0,00       435,26                                14.508,67
 2021-10  M1094N173500000    16.987,74         0,00         0,00       509,63                                16.987,74
 2021-10  M1094N173600000    17.471,13         0,00         0,00       524,13                                17.471,13
 2021-10  M1094N174000000    19.288,55         0,00         0,00       578,65                                19.288,55
 2021-10  M1094N174400000    21.352,69         0,00         0,00       640,58                                21.352,69


   INSTITUTO DE PREVISION SOCIAL                                                                                  HOJA NRO.      3
   PGM: LISTHISC   EJECUTADO EL 27/09/2021A LAS  13:12:36  HS
                   ACTUALIZACION AL MAESTRO HISTORICO DE CARGOS

 AAAA MM     CODIGO          BASICO         SUPL1     SUPL2        ANTIG      SUMAFIJ1       SUMAFIJ2           SUMAFIJ3
 2021-10  M1094N174800000    23.003,66         0,00         0,00       690,10                                23.003,66
 2021-10  M1094N172400000    11.611,47         0,00         0,00       348,34                                11.611,47
 2021-10  M1095N173000000    14.508,67         0,00         0,00       435,26                                14.508,67
 2021-10  M1095N173500000    16.987,74         0,00         0,00       509,63                                16.987,74
 2021-10  M1095N173600000    17.471,13         0,00         0,00       524,13                                17.471,13
 2021-10  M1095N174000000    19.288,55         0,00         0,00       578,65                                19.288,55
 2021-10  M1095N174400000    21.352,69         0,00         0,00       640,58                                21.352,69
 2021-10  M1095N174800000    23.003,66         0,00         0,00       690,10                                23.003,66
 2021-10  M1095N172400000    11.611,47         0,00         0,00       348,34                                11.611,47
 2021-10  M1096N173000000    14.508,67         0,00         0,00       435,26                                14.508,67
 2021-10  M1096N173500000    16.987,74         0,00         0,00       509,63                                16.987,74
 2021-10  M1096N173600000    17.471,13         0,00         0,00       524,13                                17.471,13
 2021-10  M1096N174000000    19.288,55         0,00         0,00       578,65                                19.288,55
 2021-10  M1096N174400000    21.352,69         0,00         0,00       640,58                                21.352,69
 2021-10  M1096N174800000    23.003,66         0,00         0,00       690,10                                23.003,66
 2021-10  M1096N172400000    11.611,47         0,00         0,00       348,34                                11.611,47
 2021-10  M1092N173000000    14.508,67         0,00         0,00       435,26                                14.508,67
 2021-10  M1092N173500000    16.987,74         0,00         0,00       509,63                                16.987,74
 2021-10  M1092N173600000    17.471,13         0,00         0,00       524,13                                17.471,13
 2021-10  M1092N174000000    19.288,55         0,00         0,00       578,65                                19.288,55
 2021-10  M1092N174400000    21.352,69         0,00         0,00       640,58                                21.352,69
 2021-10  M1092N174800000    23.003,66         0,00         0,00       690,10                                23.003,66
 2021-10  M1092N172400000    11.611,47         0,00         0,00       348,34                                11.611,47
 2021-10  M10910033000000    14.508,67         0,00         0,00       435,26                                14.508,67
 2021-10  M10910033500000    16.987,74         0,00         0,00       509,63                                16.987,74
 2021-10  M10910033600000    17.471,13         0,00         0,00       524,13                                17.471,13
 2021-10  M10910034000000    19.288,55         0,00         0,00       578,65                                19.288,55
 2021-10  M10910034400000    21.352,69         0,00         0,00       640,58                                21.352,69
 2021-10  M10910034800000    23.003,66         0,00         0,00       690,10                                23.003,66
 2021-10  M10910032400000    11.611,47         0,00         0,00       348,34                                11.611,47
 2021-10  M10930013000000    14.508,67         0,00         0,00       435,26                                14.508,67
 2021-10  M10930013500000    16.987,74         0,00         0,00       509,63                                16.987,74
 2021-10  M10930013600000    17.471,13         0,00         0,00       524,13                                17.471,13
 2021-10  M10930014000000    19.288,55         0,00         0,00       578,65                                19.288,55
 2021-10  M10930014400000    21.352,69         0,00         0,00       640,58                                21.352,69
 2021-10  M10930014800000    23.003,66         0,00         0,00       690,10                                23.003,66
 2021-10  M10930012400000    11.611,47         0,00         0,00       348,34                                11.611,47
 2021-10  M10950013000000    14.508,67         0,00         0,00       435,26                                14.508,67
 2021-10  M10950013500000    16.987,74         0,00         0,00       509,63                                16.987,74
 2021-10  M10950013600000    17.471,13         0,00         0,00       524,13                                17.471,13
 2021-10  M10950014000000    19.288,55         0,00         0,00       578,65                                19.288,55
 2021-10  M10950014400000    21.352,69         0,00         0,00       640,58                                21.352,69
 2021-10  M10950014800000    23.003,66         0,00         0,00       690,10                                23.003,66
 2021-10  M10950012400000    11.611,47         0,00         0,00       348,34                                11.611,47
 2021-10  M10960013000000    14.508,67         0,00         0,00       435,26                                14.508,67
 2021-10  M10960013500000    16.987,74         0,00         0,00       509,63                                16.987,74
 2021-10  M10960013600000    17.471,13         0,00         0,00       524,13                                17.471,13
 2021-10  M10960014000000    19.288,55         0,00         0,00       578,65                                19.288,55
 2021-10  M10960014400000    21.352,69         0,00         0,00       640,58                                21.352,69
 2021-10  M10960014800000    23.003,66         0,00         0,00       690,10                                23.003,66
 2021-10  M10960012400000    11.611,47         0,00         0,00       348,34                                11.611,47


   INSTITUTO DE PREVISION SOCIAL                                                                                  HOJA NRO.      4
   PGM: LISTHISC   EJECUTADO EL 27/09/2021A LAS  13:12:36  HS
                   ACTUALIZACION AL MAESTRO HISTORICO DE CARGOS

 AAAA MM     CODIGO          BASICO         SUPL1     SUPL2        ANTIG      SUMAFIJ1       SUMAFIJ2           SUMAFIJ3
 2021-10  M10930023000000    14.508,67         0,00         0,00       435,26                                14.508,67
 2021-10  M10930023500000    16.987,74         0,00         0,00       509,63                                16.987,74
 2021-10  M10930023600000    17.471,13         0,00         0,00       524,13                                17.471,13
 2021-10  M10930024000000    19.288,55         0,00         0,00       578,65                                19.288,55
 2021-10  M10930024400000    21.352,69         0,00         0,00       640,58                                21.352,69
 2021-10  M10930024800000    23.003,66         0,00         0,00       690,10                                23.003,66
 2021-10  M10930022400000    11.611,47         0,00         0,00       348,34                                11.611,47
 2021-10  M10950023000000    14.508,67         0,00         0,00       435,26                                14.508,67
 2021-10  M10950023500000    16.987,74         0,00         0,00       509,63                                16.987,74
 2021-10  M10950023600000    17.471,13         0,00         0,00       524,13                                17.471,13
 2021-10  M10950024000000    19.288,55         0,00         0,00       578,65                                19.288,55
 2021-10  M10950024400000    21.352,69         0,00         0,00       640,58                                21.352,69
 2021-10  M10950024800000    23.003,66         0,00         0,00       690,10                                23.003,66
 2021-10  M10950022400000    11.611,47         0,00         0,00       348,34                                11.611,47
 2021-10  M10960023000000    14.508,67         0,00         0,00       435,26                                14.508,67
 2021-10  M10960023500000    16.987,74         0,00         0,00       509,63                                16.987,74
 2021-10  M10960023600000    17.471,13         0,00         0,00       524,13                                17.471,13
 2021-10  M10960024000000    19.288,55         0,00         0,00       578,65                                19.288,55
 2021-10  M10960024400000    21.352,69         0,00         0,00       640,58                                21.352,69
 2021-10  M10960024800000    23.003,66         0,00         0,00       690,10                                23.003,66
 2021-10  M10960022400000    11.611,47         0,00         0,00       348,34                                11.611,47
 2021-10  M10950033000000    14.508,67         0,00         0,00       435,26                                14.508,67
 2021-10  M10950033500000    16.987,74         0,00         0,00       509,63                                16.987,74
 2021-10  M10950033600000    17.471,13         0,00         0,00       524,13                                17.471,13
 2021-10  M10950034000000    19.288,55         0,00         0,00       578,65                                19.288,55
 2021-10  M10950034400000    21.352,69         0,00         0,00       640,58                                21.352,69
 2021-10  M10950034800000    23.003,66         0,00         0,00       690,10                                23.003,66
 2021-10  M10950032400000    11.611,47         0,00         0,00       348,34                                11.611,47
 2021-10  M10960033000000    14.508,67         0,00         0,00       435,26                                14.508,67
 2021-10  M10960033500000    16.987,74         0,00         0,00       509,63                                16.987,74
 2021-10  M10960033600000    17.471,13         0,00         0,00       524,13                                17.471,13
 2021-10  M10960034000000    19.288,55         0,00         0,00       578,65                                19.288,55
 2021-10  M10960034400000    21.352,69         0,00         0,00       640,58                                21.352,69
 2021-10  M10960034800000    23.003,66         0,00         0,00       690,10                                23.003,66
 2021-10  M10960032400000    11.611,47         0,00         0,00       348,34                                11.611,47
 2021-10  M10930043000000    14.508,67         0,00         0,00       435,26                                14.508,67
 2021-10  M10930043500000    16.987,74         0,00         0,00       509,63                                16.987,74
 2021-10  M10930043600000    17.471,13         0,00         0,00       524,13                                17.471,13
 2021-10  M10930044000000    19.288,55         0,00         0,00       578,65                                19.288,55
 2021-10  M10930044400000    21.352,69         0,00         0,00       640,58                                21.352,69
 2021-10  M10930044800000    23.003,66         0,00         0,00       690,10                                23.003,66
 2021-10  M10930042400000    11.611,47         0,00         0,00       348,34                                11.611,47
 2021-10  M10950043000000    14.508,67         0,00         0,00       435,26                                14.508,67
 2021-10  M10950043500000    16.987,74         0,00         0,00       509,63                                16.987,74
 2021-10  M10950043600000    17.471,13         0,00         0,00       524,13                                17.471,13
 2021-10  M10950044000000    19.288,55         0,00         0,00       578,65                                19.288,55
 2021-10  M10950044400000    21.352,69         0,00         0,00       640,58                                21.352,69
 2021-10  M10950044800000    23.003,66         0,00         0,00       690,10                                23.003,66
 2021-10  M10950042400000    11.611,47         0,00         0,00       348,34                                11.611,47
 2021-10  M10950053000000    14.508,67         0,00         0,00       435,26                                14.508,67
 2021-10  M10950053500000    16.987,74         0,00         0,00       509,63                                16.987,74


   INSTITUTO DE PREVISION SOCIAL                                                                                  HOJA NRO.      5
   PGM: LISTHISC   EJECUTADO EL 27/09/2021A LAS  13:12:36  HS
                   ACTUALIZACION AL MAESTRO HISTORICO DE CARGOS

 AAAA MM     CODIGO          BASICO         SUPL1     SUPL2        ANTIG      SUMAFIJ1       SUMAFIJ2           SUMAFIJ3
 2021-10  M10950053600000    17.471,13         0,00         0,00       524,13                                17.471,13
 2021-10  M10950054000000    19.288,55         0,00         0,00       578,65                                19.288,55
 2021-10  M10950054400000    21.352,69         0,00         0,00       640,58                                21.352,69
 2021-10  M10950054800000    23.003,66         0,00         0,00       690,10                                23.003,66
 2021-10  M10950052400000    11.611,47         0,00         0,00       348,34                                11.611,47
 2021-10  M10950063000000    14.508,67         0,00         0,00       435,26                                14.508,67
 2021-10  M10950063500000    16.987,74         0,00         0,00       509,63                                16.987,74
 2021-10  M10950063600000    17.471,13         0,00         0,00       524,13                                17.471,13
 2021-10  M10950064000000    19.288,55         0,00         0,00       578,65                                19.288,55
 2021-10  M10950064400000    21.352,69         0,00         0,00       640,58                                21.352,69
 2021-10  M10950064800000    23.003,66         0,00         0,00       690,10                                23.003,66
 2021-10  M10950062400000    11.611,47         0,00         0,00       348,34                                11.611,47
 2021-10  M10960043000000    14.508,67         0,00         0,00       435,26                                14.508,67
 2021-10  M10960043500000    16.987,74         0,00         0,00       509,63                                16.987,74
 2021-10  M10960043600000    17.471,13         0,00         0,00       524,13                                17.471,13
 2021-10  M10960044000000    19.288,55         0,00         0,00       578,65                                19.288,55
 2021-10  M10960044400000    21.352,69         0,00         0,00       640,58                                21.352,69
 2021-10  M10960044800000    23.003,66         0,00         0,00       690,10                                23.003,66
 2021-10  M10960042400000    11.611,47         0,00         0,00       348,34                                11.611,47
 2021-10  M10960053000000    14.508,67         0,00         0,00       435,26                                14.508,67
 2021-10  M10960053500000    16.987,74         0,00         0,00       509,63                                16.987,74
 2021-10  M10960053600000    17.471,13         0,00         0,00       524,13                                17.471,13
 2021-10  M10960054000000    19.288,55         0,00         0,00       578,65                                19.288,55
 2021-10  M10960054400000    21.352,69         0,00         0,00       640,58                                21.352,69
 2021-10  M10960054800000    23.003,66         0,00         0,00       690,10                                23.003,66
 2021-10  M10960052400000    11.611,47         0,00         0,00       348,34                                11.611,47
 2021-10  M109GP010100000     4.400,00         0,00         0,00         0,00
 2021-10  M109GP010200000     8.800,00         0,00         0,00         0,00
 2021-10  M109GP010300000    13.200,00         0,00         0,00         0,00
 2021-10  M109GP010400000    17.600,00         0,00         0,00         0,00
 2021-10  M109GP010500000    22.000,00         0,00         0,00         0,00
 2021-10  M109GP010600000    26.400,00         0,00         0,00         0,00
 2021-10  M109GP010700000    30.800,00         0,00         0,00         0,00
 2021-10  M109GP010800000    35.200,00         0,00         0,00         0,00
 2021-10  M109GP010900000    39.600,00         0,00         0,00         0,00
 2021-10  M109GP011000000    44.000,00         0,00         0,00         0,00
 2021-10  M109GP011100000    48.400,00         0,00         0,00         0,00
 2021-10  M109GP011200000    52.800,00         0,00         0,00         0,00
 2021-10  M109GP011300000    57.200,00         0,00         0,00         0,00
 2021-10  M109GP011400000    61.600,00         0,00         0,00         0,00
 2021-10  M109GP011500000    66.000,00         0,00         0,00         0,00
 2021-10  M109GP011600000    70.400,00         0,00         0,00         0,00
 2021-10  M109GP011700000    74.800,00         0,00         0,00         0,00
 2021-10  M109GP011800000    79.200,00         0,00         0,00         0,00
 2021-10  M109GP011900000    83.600,00         0,00         0,00         0,00
 2021-10  M109GP012000000    88.000,00         0,00         0,00         0,00
 2021-10  M109GP012100000    92.400,00         0,00         0,00         0,00
 2021-10  M109GP012200000    96.800,00         0,00         0,00         0,00
 2021-10  M109GP012300000   101.200,00         0,00         0,00         0,00
 2021-10  M109GP012400000   105.600,00         0,00         0,00         0,00
 2021-10  M109GP012500000   110.000,00         0,00         0,00         0,00


   INSTITUTO DE PREVISION SOCIAL                                                                                  HOJA NRO.      6
   PGM: LISTHISC   EJECUTADO EL 27/09/2021A LAS  13:12:36  HS
                   ACTUALIZACION AL MAESTRO HISTORICO DE CARGOS

 AAAA MM     CODIGO          BASICO         SUPL1     SUPL2        ANTIG      SUMAFIJ1       SUMAFIJ2           SUMAFIJ3
 2021-10  M109GP020100000     6.300,00         0,00         0,00         0,00
 2021-10  M109GP020200000    12.600,00         0,00         0,00         0,00
 2021-10  M109GP020300000    18.900,00         0,00         0,00         0,00
 2021-10  M109GP020400000    25.200,00         0,00         0,00         0,00
 2021-10  M109GP020500000    31.500,00         0,00         0,00         0,00
 2021-10  M109GP020600000    37.800,00         0,00         0,00         0,00
 2021-10  M109GP020700000    44.100,00         0,00         0,00         0,00
 2021-10  M109GP020800000    50.400,00         0,00         0,00         0,00
 2021-10  M109GP020900000    56.700,00         0,00         0,00         0,00
 2021-10  M109GP021000000    63.000,00         0,00         0,00         0,00
 2021-10  M109GP021100000    69.300,00         0,00         0,00         0,00
 2021-10  M109GP021200000    75.600,00         0,00         0,00         0,00
 2021-10  M109GP021300000    81.900,00         0,00         0,00         0,00
 2021-10  M109GP021400000    88.200,00         0,00         0,00         0,00
 2021-10  M109GP021500000    94.500,00         0,00         0,00         0,00
 2021-10  M109GP021600000   100.800,00         0,00         0,00         0,00
 2021-10  M109GP021700000   107.100,00         0,00         0,00         0,00
 2021-10  M109GP021800000   113.400,00         0,00         0,00         0,00
 2021-10  M109GP021900000   119.700,00         0,00         0,00         0,00
 2021-10  M109GP022000000   126.000,00         0,00         0,00         0,00
 2021-10  M109GP022100000   132.300,00         0,00         0,00         0,00
 2021-10  M109GP022200000   138.600,00         0,00         0,00         0,00
 2021-10  M109GP022300000   144.900,00         0,00         0,00         0,00
 2021-10  M109GP022400000   151.200,00         0,00         0,00         0,00
 2021-10  M109GP022500000   157.500,00         0,00         0,00         0,00
 2021-10  M109GP030100000     7.500,00         0,00         0,00         0,00
 2021-10  M109GP030200000    15.000,00         0,00         0,00         0,00
 2021-10  M109GP030300000    22.500,00         0,00         0,00         0,00
 2021-10  M109GP030400000    30.000,00         0,00         0,00         0,00
 2021-10  M109GP030500000    37.500,00         0,00         0,00         0,00
 2021-10  M109GP030600000    45.000,00         0,00         0,00         0,00
 2021-10  M109GP030700000    52.500,00         0,00         0,00         0,00
 2021-10  M109GP030800000    60.000,00         0,00         0,00         0,00
 2021-10  M109GP030900000    67.500,00         0,00         0,00         0,00
 2021-10  M109GP031000000    75.000,00         0,00         0,00         0,00
 2021-10  M109GP031100000    82.500,00         0,00         0,00         0,00
 2021-10  M109GP031200000    90.000,00         0,00         0,00         0,00
 2021-10  M109GP031300000    97.500,00         0,00         0,00         0,00
 2021-10  M109GP031400000   105.000,00         0,00         0,00         0,00
 2021-10  M109GP031500000   112.500,00         0,00         0,00         0,00
 2021-10  M109GP031600000   120.000,00         0,00         0,00         0,00
 2021-10  M109GP031700000   127.500,00         0,00         0,00         0,00
 2021-10  M109GP031800000   135.000,00         0,00         0,00         0,00
 2021-10  M109GP031900000   142.500,00         0,00         0,00         0,00
 2021-10  M109GP032000000   150.000,00         0,00         0,00         0,00
 2021-10  M109GP032100000   157.500,00         0,00         0,00         0,00
 2021-10  M109GP032200000   165.000,00         0,00         0,00         0,00
 2021-10  M109GP032300000   172.500,00         0,00         0,00         0,00
 2021-10  M109GP032400000   180.000,00         0,00         0,00         0,00
 2021-10  M109GP032500000   187.500,00         0,00         0,00         0,00
 2021-10  M109GP040100000     4.000,00         0,00         0,00         0,00


   INSTITUTO DE PREVISION SOCIAL                                                                                  HOJA NRO.      7
   PGM: LISTHISC   EJECUTADO EL 27/09/2021A LAS  13:12:36  HS
                   ACTUALIZACION AL MAESTRO HISTORICO DE CARGOS

 AAAA MM     CODIGO          BASICO         SUPL1     SUPL2        ANTIG      SUMAFIJ1       SUMAFIJ2           SUMAFIJ3
 2021-10  M109GP040200000     8.000,00         0,00         0,00         0,00
 2021-10  M109GP040300000    12.000,00         0,00         0,00         0,00
 2021-10  M109GP040400000    16.000,00         0,00         0,00         0,00
 2021-10  M109GP040500000    20.000,00         0,00         0,00         0,00
 2021-10  M109GP040600000    24.000,00         0,00         0,00         0,00
 2021-10  M109GP040700000    28.000,00         0,00         0,00         0,00
 2021-10  M109GP040800000    32.000,00         0,00         0,00         0,00
 2021-10  M109GP040900000    36.000,00         0,00         0,00         0,00
 2021-10  M109GP041000000    40.000,00         0,00         0,00         0,00
 2021-10  M109GP041100000    44.000,00         0,00         0,00         0,00
 2021-10  M109GP041200000    48.000,00         0,00         0,00         0,00
 2021-10  M109GP041300000    52.000,00         0,00         0,00         0,00
 2021-10  M109GP041400000    56.000,00         0,00         0,00         0,00
 2021-10  M109GP041500000    60.000,00         0,00         0,00         0,00
 2021-10  M109GP041600000    64.000,00         0,00         0,00         0,00
 2021-10  M109GP041700000    68.000,00         0,00         0,00         0,00
 2021-10  M109GP041800000    72.000,00         0,00         0,00         0,00
 2021-10  M109GP041900000    76.000,00         0,00         0,00         0,00
 2021-10  M109GP042000000    80.000,00         0,00         0,00         0,00
 2021-10  M109GP042100000    84.000,00         0,00         0,00         0,00
 2021-10  M109GP042200000    88.000,00         0,00         0,00         0,00
 2021-10  M109GP042300000    92.000,00         0,00         0,00         0,00
 2021-10  M109GP042400000    96.000,00         0,00         0,00         0,00
 2021-10  M109GP042500000   100.000,00         0,00         0,00         0,00
 2021-10  M109GP050100000     8.000,00         0,00         0,00         0,00
 2021-10  M109GP050200000    16.000,00         0,00         0,00         0,00
 2021-10  M109GP050300000    24.000,00         0,00         0,00         0,00
 2021-10  M109GP050400000    32.000,00         0,00         0,00         0,00
 2021-10  M109GP050500000    40.000,00         0,00         0,00         0,00
 2021-10  M109GP050600000    48.000,00         0,00         0,00         0,00
 2021-10  M109GP050700000    56.000,00         0,00         0,00         0,00
 2021-10  M109GP050800000    64.000,00         0,00         0,00         0,00
 2021-10  M109GP050900000    72.000,00         0,00         0,00         0,00
 2021-10  M109GP051000000    80.000,00         0,00         0,00         0,00
 2021-10  M109GP051100000    88.000,00         0,00         0,00         0,00
 2021-10  M109GP051200000    96.000,00         0,00         0,00         0,00
 2021-10  M109GP051300000   104.000,00         0,00         0,00         0,00
 2021-10  M109GP051400000   112.000,00         0,00         0,00         0,00
 2021-10  M109GP051500000   120.000,00         0,00         0,00         0,00
 2021-10  M109GP051600000   128.000,00         0,00         0,00         0,00
 2021-10  M109GP051700000   136.000,00         0,00         0,00         0,00
 2021-10  M109GP051800000   144.000,00         0,00         0,00         0,00
 2021-10  M109GP051900000   152.000,00         0,00         0,00         0,00
 2021-10  M109GP052000000   160.000,00         0,00         0,00         0,00
 2021-10  M109GP052100000   168.000,00         0,00         0,00         0,00
 2021-10  M109GP052200000   176.000,00         0,00         0,00         0,00
 2021-10  M109GP052300000   184.000,00         0,00         0,00         0,00
 2021-10  M109GP052400000   192.000,00         0,00         0,00         0,00
 2021-10  M109GP052500000   200.000,00         0,00         0,00         0,00
 2021-10  M109GP060100000    10.000,00         0,00         0,00         0,00
 2021-10  M109GP060200000    20.000,00         0,00         0,00         0,00


   INSTITUTO DE PREVISION SOCIAL                                                                                  HOJA NRO.      8
   PGM: LISTHISC   EJECUTADO EL 27/09/2021A LAS  13:12:36  HS
                   ACTUALIZACION AL MAESTRO HISTORICO DE CARGOS

 AAAA MM     CODIGO          BASICO         SUPL1     SUPL2        ANTIG      SUMAFIJ1       SUMAFIJ2           SUMAFIJ3
 2021-10  M109GP060300000    30.000,00         0,00         0,00         0,00
 2021-10  M109GP060400000    40.000,00         0,00         0,00         0,00
 2021-10  M109GP060500000    50.000,00         0,00         0,00         0,00
 2021-10  M109GP060600000    60.000,00         0,00         0,00         0,00
 2021-10  M109GP060700000    70.000,00         0,00         0,00         0,00
 2021-10  M109GP060800000    80.000,00         0,00         0,00         0,00
 2021-10  M109GP060900000    90.000,00         0,00         0,00         0,00
 2021-10  M109GP061000000   100.000,00         0,00         0,00         0,00
 2021-10  M109GP061100000   110.000,00         0,00         0,00         0,00
 2021-10  M109GP061200000   120.000,00         0,00         0,00         0,00
 2021-10  M109GP061300000   130.000,00         0,00         0,00         0,00
 2021-10  M109GP061400000   140.000,00         0,00         0,00         0,00
 2021-10  M109GP061500000   150.000,00         0,00         0,00         0,00
 2021-10  M109GP061600000   160.000,00         0,00         0,00         0,00
 2021-10  M109GP061700000   170.000,00         0,00         0,00         0,00
 2021-10  M109GP061800000   180.000,00         0,00         0,00         0,00
 2021-10  M109GP061900000   190.000,00         0,00         0,00         0,00
 2021-10  M109GP062000000   200.000,00         0,00         0,00         0,00
 2021-10  M109GP062100000   210.000,00         0,00         0,00         0,00
 2021-10  M109GP062200000   220.000,00         0,00         0,00         0,00
 2021-10  M109GP062300000   230.000,00         0,00         0,00         0,00
 2021-10  M109GP062400000   240.000,00         0,00         0,00         0,00
 2021-10  M109GP062500000   250.000,00         0,00         0,00         0,00
 2021-10  M109GP070100000    10.000,00         0,00         0,00         0,00
 2021-10  M109GP070200000    20.000,00         0,00         0,00         0,00
 2021-10  M109GP070300000    30.000,00         0,00         0,00         0,00
 2021-10  M109GP070400000    40.000,00         0,00         0,00         0,00
 2021-10  M109GP070500000    50.000,00         0,00         0,00         0,00
 2021-10  M109GP070600000    60.000,00         0,00         0,00         0,00
 2021-10  M109GP070700000    70.000,00         0,00         0,00         0,00
 2021-10  M109GP070800000    80.000,00         0,00         0,00         0,00
 2021-10  M109GP070900000    90.000,00         0,00         0,00         0,00
 2021-10  M109GP071000000   100.000,00         0,00         0,00         0,00
 2021-10  M109GP071100000   110.000,00         0,00         0,00         0,00
 2021-10  M109GP071200000   120.000,00         0,00         0,00         0,00
 2021-10  M109GP071300000   130.000,00         0,00         0,00         0,00
 2021-10  M109GP071400000   140.000,00         0,00         0,00         0,00
 2021-10  M109GP071500000   150.000,00         0,00         0,00         0,00
 2021-10  M109GP071600000   160.000,00         0,00         0,00         0,00
 2021-10  M109GP071700000   170.000,00         0,00         0,00         0,00
 2021-10  M109GP071800000   180.000,00         0,00         0,00         0,00
 2021-10  M109GP071900000   190.000,00         0,00         0,00         0,00
 2021-10  M109GP072000000   200.000,00         0,00         0,00         0,00
 2021-10  M109GP072100000   210.000,00         0,00         0,00         0,00
 2021-10  M109GP072200000   220.000,00         0,00         0,00         0,00
 2021-10  M109GP072300000   230.000,00         0,00         0,00         0,00
 2021-10  M109GP072400000   240.000,00         0,00         0,00         0,00
 2021-10  M109GP072500000   250.000,00         0,00         0,00         0,00
 2021-10  M109GP080100000    10.000,00         0,00         0,00         0,00
 2021-10  M109GP080200000    20.000,00         0,00         0,00         0,00
 2021-10  M109GP080300000    30.000,00         0,00         0,00         0,00


   INSTITUTO DE PREVISION SOCIAL                                                                                  HOJA NRO.      9
   PGM: LISTHISC   EJECUTADO EL 27/09/2021A LAS  13:12:36  HS
                   ACTUALIZACION AL MAESTRO HISTORICO DE CARGOS

 AAAA MM     CODIGO          BASICO         SUPL1     SUPL2        ANTIG      SUMAFIJ1       SUMAFIJ2           SUMAFIJ3
 2021-10  M109GP080400000    40.000,00         0,00         0,00         0,00
 2021-10  M109GP080500000    50.000,00         0,00         0,00         0,00
 2021-10  M109GP080600000    60.000,00         0,00         0,00         0,00
 2021-10  M109GP080700000    70.000,00         0,00         0,00         0,00
 2021-10  M109GP080800000    80.000,00         0,00         0,00         0,00
 2021-10  M109GP080900000    90.000,00         0,00         0,00         0,00
 2021-10  M109GP081000000   100.000,00         0,00         0,00         0,00
 2021-10  M109GP081100000   110.000,00         0,00         0,00         0,00
 2021-10  M109GP081200000   120.000,00         0,00         0,00         0,00
 2021-10  M109GP081300000   130.000,00         0,00         0,00         0,00
 2021-10  M109GP081400000   140.000,00         0,00         0,00         0,00
 2021-10  M109GP081500000   150.000,00         0,00         0,00         0,00
 2021-10  M109GP081600000   160.000,00         0,00         0,00         0,00
 2021-10  M109GP081700000   170.000,00         0,00         0,00         0,00
 2021-10  M109GP081800000   180.000,00         0,00         0,00         0,00
 2021-10  M109GP081900000   190.000,00         0,00         0,00         0,00
 2021-10  M109GP082000000   200.000,00         0,00         0,00         0,00
 2021-10  M109GP082100000   210.000,00         0,00         0,00         0,00
 2021-10  M109GP082200000   220.000,00         0,00         0,00         0,00
 2021-10  M109GP082300000   230.000,00         0,00         0,00         0,00
 2021-10  M109GP082400000   240.000,00         0,00         0,00         0,00
 2021-10  M109GP082500000   250.000,00         0,00         0,00         0,00
 2021-10  M109GA010100000     8.000,00         0,00         0,00         0,00
 2021-10  M109GA010200000    16.000,00         0,00         0,00         0,00
 2021-10  M109GA010300000    24.000,00         0,00         0,00         0,00
 2021-10  M109GA010400000    32.000,00         0,00         0,00         0,00
 2021-10  M109GA010500000    40.000,00         0,00         0,00         0,00
 2021-10  M109GA010600000    48.000,00         0,00         0,00         0,00
 2021-10  M109GA010700000    56.000,00         0,00         0,00         0,00
 2021-10  M109GA010800000    64.000,00         0,00         0,00         0,00
 2021-10  M109GA010900000    72.000,00         0,00         0,00         0,00
 2021-10  M109GA011000000    80.000,00         0,00         0,00         0,00
 2021-10  M109GA011100000    88.000,00         0,00         0,00         0,00
 2021-10  M109GA011200000    96.000,00         0,00         0,00         0,00
 2021-10  M109GA011300000   104.000,00         0,00         0,00         0,00
 2021-10  M109GA011400000   112.000,00         0,00         0,00         0,00
 2021-10  M109GA011500000   120.000,00         0,00         0,00         0,00
 2021-10  M109GA011600000   128.000,00         0,00         0,00         0,00
 2021-10  M109GA011700000   136.000,00         0,00         0,00         0,00
 2021-10  M109GA011800000   144.000,00         0,00         0,00         0,00
 2021-10  M109GA011900000   152.000,00         0,00         0,00         0,00
 2021-10  M109GA012000000   160.000,00         0,00         0,00         0,00
 2021-10  M109GA012100000   168.000,00         0,00         0,00         0,00
 2021-10  M109GA012200000   176.000,00         0,00         0,00         0,00
 2021-10  M109GA012300000   184.000,00         0,00         0,00         0,00
 2021-10  M109GA012400000   192.000,00         0,00         0,00         0,00
 2021-10  M109GA012500000   200.000,00         0,00         0,00         0,00
 2021-10  M109GA020100000     9.200,00         0,00         0,00         0,00
 2021-10  M109GA020200000    18.400,00         0,00         0,00         0,00
 2021-10  M109GA020300000    27.600,00         0,00         0,00         0,00
 2021-10  M109GA020400000    36.800,00         0,00         0,00         0,00


   INSTITUTO DE PREVISION SOCIAL                                                                                  HOJA NRO.     10
   PGM: LISTHISC   EJECUTADO EL 27/09/2021A LAS  13:12:36  HS
                   ACTUALIZACION AL MAESTRO HISTORICO DE CARGOS

 AAAA MM     CODIGO          BASICO         SUPL1     SUPL2        ANTIG      SUMAFIJ1       SUMAFIJ2           SUMAFIJ3
 2021-10  M109GA020500000    46.000,00         0,00         0,00         0,00
 2021-10  M109GA020600000    55.200,00         0,00         0,00         0,00
 2021-10  M109GA020700000    64.400,00         0,00         0,00         0,00
 2021-10  M109GA020800000    73.600,00         0,00         0,00         0,00
 2021-10  M109GA020900000    82.800,00         0,00         0,00         0,00
 2021-10  M109GA021000000    92.000,00         0,00         0,00         0,00
 2021-10  M109GA021100000   101.200,00         0,00         0,00         0,00
 2021-10  M109GA021200000   110.400,00         0,00         0,00         0,00
 2021-10  M109GA021300000   119.600,00         0,00         0,00         0,00
 2021-10  M109GA021400000   128.800,00         0,00         0,00         0,00
 2021-10  M109GA021500000   138.000,00         0,00         0,00         0,00
 2021-10  M109GA021600000   147.200,00         0,00         0,00         0,00
 2021-10  M109GA021700000   156.400,00         0,00         0,00         0,00
 2021-10  M109GA021800000   165.600,00         0,00         0,00         0,00
 2021-10  M109GA021900000   174.800,00         0,00         0,00         0,00
 2021-10  M109GA022000000   184.000,00         0,00         0,00         0,00
 2021-10  M109GA022100000   193.200,00         0,00         0,00         0,00
 2021-10  M109GA022200000   202.400,00         0,00         0,00         0,00
 2021-10  M109GA022300000   211.600,00         0,00         0,00         0,00
 2021-10  M109GA022400000   220.800,00         0,00         0,00         0,00
 2021-10  M109GA022500000   230.000,00         0,00         0,00         0,00
 2021-10  M109GA030100000    11.000,00         0,00         0,00         0,00
 2021-10  M109GA030200000    22.000,00         0,00         0,00         0,00
 2021-10  M109GA030300000    33.000,00         0,00         0,00         0,00
 2021-10  M109GA030400000    44.000,00         0,00         0,00         0,00
 2021-10  M109GA030500000    55.000,00         0,00         0,00         0,00
 2021-10  M109GA030600000    66.000,00         0,00         0,00         0,00
 2021-10  M109GA030700000    77.000,00         0,00         0,00         0,00
 2021-10  M109GA030800000    88.000,00         0,00         0,00         0,00
 2021-10  M109GA030900000    99.000,00         0,00         0,00         0,00
 2021-10  M109GA031000000   110.000,00         0,00         0,00         0,00
 2021-10  M109GA031100000   121.000,00         0,00         0,00         0,00
 2021-10  M109GA031200000   132.000,00         0,00         0,00         0,00
 2021-10  M109GA031300000   143.000,00         0,00         0,00         0,00
 2021-10  M109GA031400000   154.000,00         0,00         0,00         0,00
 2021-10  M109GA031500000   165.000,00         0,00         0,00         0,00
 2021-10  M109GA031600000   176.000,00         0,00         0,00         0,00
 2021-10  M109GA031700000   187.000,00         0,00         0,00         0,00
 2021-10  M109GA031800000   198.000,00         0,00         0,00         0,00
 2021-10  M109GA031900000   209.000,00         0,00         0,00         0,00
 2021-10  M109GA032000000   220.000,00         0,00         0,00         0,00
 2021-10  M109GA032100000   231.000,00         0,00         0,00         0,00
 2021-10  M109GA032200000   242.000,00         0,00         0,00         0,00
 2021-10  M109GA032300000   253.000,00         0,00         0,00         0,00
 2021-10  M109GA032400000   264.000,00         0,00         0,00         0,00
 2021-10  M109GA032500000   275.000,00         0,00         0,00         0,00
 2021-10  M109GA040100000    15.600,00         0,00         0,00         0,00
 2021-10  M109GA040200000    31.200,00         0,00         0,00         0,00
 2021-10  M109GA040300000    46.800,00         0,00         0,00         0,00
 2021-10  M109GA040400000    62.400,00         0,00         0,00         0,00
 2021-10  M109GA040500000    78.000,00         0,00         0,00         0,00


   INSTITUTO DE PREVISION SOCIAL                                                                                  HOJA NRO.     11
   PGM: LISTHISC   EJECUTADO EL 27/09/2021A LAS  13:12:36  HS
                   ACTUALIZACION AL MAESTRO HISTORICO DE CARGOS

 AAAA MM     CODIGO          BASICO         SUPL1     SUPL2        ANTIG      SUMAFIJ1       SUMAFIJ2           SUMAFIJ3
 2021-10  M109GA040600000    93.600,00         0,00         0,00         0,00
 2021-10  M109GA040700000   109.200,00         0,00         0,00         0,00
 2021-10  M109GA040800000   124.800,00         0,00         0,00         0,00
 2021-10  M109GA040900000   140.400,00         0,00         0,00         0,00
 2021-10  M109GA041000000   156.000,00         0,00         0,00         0,00
 2021-10  M109GA041100000   171.600,00         0,00         0,00         0,00
 2021-10  M109GA041200000   187.200,00         0,00         0,00         0,00
 2021-10  M109GA041300000   202.800,00         0,00         0,00         0,00
 2021-10  M109GA041400000   218.400,00         0,00         0,00         0,00
 2021-10  M109GA041500000   234.000,00         0,00         0,00         0,00
 2021-10  M109GA041600000   249.600,00         0,00         0,00         0,00
 2021-10  M109GA041700000   265.200,00         0,00         0,00         0,00
 2021-10  M109GA041800000   280.800,00         0,00         0,00         0,00
 2021-10  M109GA041900000   296.400,00         0,00         0,00         0,00
 2021-10  M109GA042000000   312.000,00         0,00         0,00         0,00
 2021-10  M109GA042100000   327.600,00         0,00         0,00         0,00
 2021-10  M109GA042200000   343.200,00         0,00         0,00         0,00
 2021-10  M109GA042300000   358.800,00         0,00         0,00         0,00
 2021-10  M109GA042400000   374.400,00         0,00         0,00         0,00
 2021-10  M109GA042500000   390.000,00         0,00         0,00         0,00
 2021-10  M109GA050100000    19.500,00         0,00         0,00         0,00
 2021-10  M109GA050200000    39.000,00         0,00         0,00         0,00
 2021-10  M109GA050300000    58.500,00         0,00         0,00         0,00
 2021-10  M109GA050400000    78.000,00         0,00         0,00         0,00
 2021-10  M109GA050500000    97.500,00         0,00         0,00         0,00
 2021-10  M109GA050600000   117.000,00         0,00         0,00         0,00
 2021-10  M109GA050700000   136.500,00         0,00         0,00         0,00
 2021-10  M109GA050800000   156.000,00         0,00         0,00         0,00
 2021-10  M109GA050900000   175.500,00         0,00         0,00         0,00
 2021-10  M109GA051000000   195.000,00         0,00         0,00         0,00
 2021-10  M109GA051100000   214.500,00         0,00         0,00         0,00
 2021-10  M109GA051200000   234.000,00         0,00         0,00         0,00
 2021-10  M109GA051300000   253.500,00         0,00         0,00         0,00
 2021-10  M109GA051400000   273.000,00         0,00         0,00         0,00
 2021-10  M109GA051500000   292.500,00         0,00         0,00         0,00
 2021-10  M109GA051600000   312.000,00         0,00         0,00         0,00
 2021-10  M109GA051700000   331.500,00         0,00         0,00         0,00
 2021-10  M109GA051800000   351.000,00         0,00         0,00         0,00
 2021-10  M109GA051900000   370.500,00         0,00         0,00         0,00
 2021-10  M109GA052000000   390.000,00         0,00         0,00         0,00
 2021-10  M109GA052100000   409.500,00         0,00         0,00         0,00
 2021-10  M109GA052200000   429.000,00         0,00         0,00         0,00
 2021-10  M109GA052300000   448.500,00         0,00         0,00         0,00
 2021-10  M109GA052400000   468.000,00         0,00         0,00         0,00
 2021-10  M109GA052500000   487.500,00         0,00         0,00         0,00
 2021-10  M109GA060100000    18.000,00         0,00         0,00         0,00
 2021-10  M109GA060200000    36.000,00         0,00         0,00         0,00
 2021-10  M109GA060300000    54.000,00         0,00         0,00         0,00
 2021-10  M109GA060400000    72.000,00         0,00         0,00         0,00
 2021-10  M109GA060500000    90.000,00         0,00         0,00         0,00
 2021-10  M109GA060600000   108.000,00         0,00         0,00         0,00


   INSTITUTO DE PREVISION SOCIAL                                                                                  HOJA NRO.     12
   PGM: LISTHISC   EJECUTADO EL 27/09/2021A LAS  13:12:36  HS
                   ACTUALIZACION AL MAESTRO HISTORICO DE CARGOS

 AAAA MM     CODIGO          BASICO         SUPL1     SUPL2        ANTIG      SUMAFIJ1       SUMAFIJ2           SUMAFIJ3
 2021-10  M109GA060700000   126.000,00         0,00         0,00         0,00
 2021-10  M109GA060800000   144.000,00         0,00         0,00         0,00
 2021-10  M109GA060900000   162.000,00         0,00         0,00         0,00
 2021-10  M109GA061000000   180.000,00         0,00         0,00         0,00
 2021-10  M109GA061100000   198.000,00         0,00         0,00         0,00
 2021-10  M109GA061200000   216.000,00         0,00         0,00         0,00
 2021-10  M109GA061300000   234.000,00         0,00         0,00         0,00
 2021-10  M109GA061400000   252.000,00         0,00         0,00         0,00
 2021-10  M109GA061500000   270.000,00         0,00         0,00         0,00
 2021-10  M109GA061600000   288.000,00         0,00         0,00         0,00
 2021-10  M109GA061700000   306.000,00         0,00         0,00         0,00
 2021-10  M109GA061800000   324.000,00         0,00         0,00         0,00
 2021-10  M109GA061900000   342.000,00         0,00         0,00         0,00
 2021-10  M109GA062000000   360.000,00         0,00         0,00         0,00
 2021-10  M109GA062100000   378.000,00         0,00         0,00         0,00
 2021-10  M109GA062200000   396.000,00         0,00         0,00         0,00
 2021-10  M109GA062300000   414.000,00         0,00         0,00         0,00
 2021-10  M109GA062400000   432.000,00         0,00         0,00         0,00
 2021-10  M109GA062500000   450.000,00         0,00         0,00         0,00
 2021-10  M109GA070100000    21.500,00         0,00         0,00         0,00
 2021-10  M109GA070200000    43.000,00         0,00         0,00         0,00
 2021-10  M109GA070300000    64.500,00         0,00         0,00         0,00
 2021-10  M109GA070400000    86.000,00         0,00         0,00         0,00
 2021-10  M109GA070500000   107.500,00         0,00         0,00         0,00
 2021-10  M109GA070600000   129.000,00         0,00         0,00         0,00
 2021-10  M109GA070700000   150.500,00         0,00         0,00         0,00
 2021-10  M109GA070800000   172.000,00         0,00         0,00         0,00
 2021-10  M109GA070900000   193.500,00         0,00         0,00         0,00
 2021-10  M109GA071000000   215.000,00         0,00         0,00         0,00
 2021-10  M109GA071100000   236.500,00         0,00         0,00         0,00
 2021-10  M109GA071200000   258.000,00         0,00         0,00         0,00
 2021-10  M109GA071300000   279.500,00         0,00         0,00         0,00
 2021-10  M109GA071400000   301.000,00         0,00         0,00         0,00
 2021-10  M109GA071500000   322.500,00         0,00         0,00         0,00
 2021-10  M109GA071600000   344.000,00         0,00         0,00         0,00
 2021-10  M109GA071700000   365.500,00         0,00         0,00         0,00
 2021-10  M109GA071800000   387.000,00         0,00         0,00         0,00
 2021-10  M109GA071900000   408.500,00         0,00         0,00         0,00
 2021-10  M109GA072000000   430.000,00         0,00         0,00         0,00
 2021-10  M109GA072100000   451.500,00         0,00         0,00         0,00
 2021-10  M109GA072200000   473.000,00         0,00         0,00         0,00
 2021-10  M109GA072300000   494.500,00         0,00         0,00         0,00
 2021-10  M109GA072400000   516.000,00         0,00         0,00         0,00
 2021-10  M109GA072500000   537.500,00         0,00         0,00         0,00
 2021-10  M109GA080100000    15.600,00         0,00         0,00         0,00
 2021-10  M109GA080200000    31.200,00         0,00         0,00         0,00
 2021-10  M109GA080300000    46.800,00         0,00         0,00         0,00
 2021-10  M109GA080400000    62.400,00         0,00         0,00         0,00
 2021-10  M109GA080500000    78.000,00         0,00         0,00         0,00
 2021-10  M109GA080600000    93.600,00         0,00         0,00         0,00
 2021-10  M109GA080700000   109.200,00         0,00         0,00         0,00


   INSTITUTO DE PREVISION SOCIAL                                                                                  HOJA NRO.     13
   PGM: LISTHISC   EJECUTADO EL 27/09/2021A LAS  13:12:36  HS
                   ACTUALIZACION AL MAESTRO HISTORICO DE CARGOS

 AAAA MM     CODIGO          BASICO         SUPL1     SUPL2        ANTIG      SUMAFIJ1       SUMAFIJ2           SUMAFIJ3
 2021-10  M109GA080800000   124.800,00         0,00         0,00         0,00
 2021-10  M109GA080900000   140.400,00         0,00         0,00         0,00
 2021-10  M109GA081000000   156.000,00         0,00         0,00         0,00
 2021-10  M109GA081100000   171.600,00         0,00         0,00         0,00
 2021-10  M109GA081200000   187.200,00         0,00         0,00         0,00
 2021-10  M109GA081300000   202.800,00         0,00         0,00         0,00
 2021-10  M109GA081400000   218.400,00         0,00         0,00         0,00
 2021-10  M109GA081500000   234.000,00         0,00         0,00         0,00
 2021-10  M109GA081600000   249.600,00         0,00         0,00         0,00
 2021-10  M109GA081700000   265.200,00         0,00         0,00         0,00
 2021-10  M109GA081800000   280.800,00         0,00         0,00         0,00
 2021-10  M109GA081900000   296.400,00         0,00         0,00         0,00
 2021-10  M109GA082000000   312.000,00         0,00         0,00         0,00
 2021-10  M109GA082100000   327.600,00         0,00         0,00         0,00
 2021-10  M109GA082200000   343.200,00         0,00         0,00         0,00
 2021-10  M109GA082300000   358.800,00         0,00         0,00         0,00
 2021-10  M109GA082400000   374.400,00         0,00         0,00         0,00
 2021-10  M109GA082500000   390.000,00         0,00         0,00         0,00
 2021-10  M109GA090100000    19.200,00         0,00         0,00         0,00
 2021-10  M109GA090200000    38.400,00         0,00         0,00         0,00
 2021-10  M109GA090300000    57.600,00         0,00         0,00         0,00
 2021-10  M109GA090400000    76.800,00         0,00         0,00         0,00
 2021-10  M109GA090500000    96.000,00         0,00         0,00         0,00
 2021-10  M109GA090600000   115.200,00         0,00         0,00         0,00
 2021-10  M109GA090700000   134.400,00         0,00         0,00         0,00
 2021-10  M109GA090800000   153.600,00         0,00         0,00         0,00
 2021-10  M109GA090900000   172.800,00         0,00         0,00         0,00
 2021-10  M109GA091000000   192.000,00         0,00         0,00         0,00
 2021-10  M109GA091100000   211.200,00         0,00         0,00         0,00
 2021-10  M109GA091200000   230.400,00         0,00         0,00         0,00
 2021-10  M109GA091300000   249.600,00         0,00         0,00         0,00
 2021-10  M109GA091400000   268.800,00         0,00         0,00         0,00
 2021-10  M109GA091500000   288.000,00         0,00         0,00         0,00
 2021-10  M109GA091600000   307.200,00         0,00         0,00         0,00
 2021-10  M109GA091700000   326.400,00         0,00         0,00         0,00
 2021-10  M109GA091800000   345.600,00         0,00         0,00         0,00
 2021-10  M109GA091900000   364.800,00         0,00         0,00         0,00
 2021-10  M109GA092000000   384.000,00         0,00         0,00         0,00
 2021-10  M109GA092100000   403.200,00         0,00         0,00         0,00
 2021-10  M109GA092200000   422.400,00         0,00         0,00         0,00
 2021-10  M109GA092300000   441.600,00         0,00         0,00         0,00
 2021-10  M109GA092400000   460.800,00         0,00         0,00         0,00
 2021-10  M109GA092500000   480.000,00         0,00         0,00         0,00
 2021-10  M109BPE10000000       200,00         0,00         0,00         0,00
 2021-10  M109BPE20000000       400,00         0,00         0,00         0,00
 2021-10  M109BPE30000000       600,00         0,00         0,00         0,00
 2021-10  M109BPE40000000       800,00         0,00         0,00         0,00
 2021-10  M109BPE50000000     1.000,00         0,00         0,00         0,00
 2021-10  M109BPE60000000     1.200,00         0,00         0,00         0,00
 2021-10  M109BDSU0000000     6.000,00         0,00         0,00         0,00
 2021-10  M109BDJE0000000     6.000,00         0,00         0,00         0,00


   INSTITUTO DE PREVISION SOCIAL                                                                                  HOJA NRO.     14
   PGM: LISTHISC   EJECUTADO EL 27/09/2021A LAS  13:12:36  HS
                   ACTUALIZACION AL MAESTRO HISTORICO DE CARGOS

 AAAA MM     CODIGO          BASICO         SUPL1     SUPL2        ANTIG      SUMAFIJ1       SUMAFIJ2           SUMAFIJ3
 2021-10  M109BDSE0000000     2.650,00         0,00         0,00         0,00
 2021-10  M109BDJD0000000     1.600,00         0,00         0,00         0,00
 2021-10  M109BDDI0000000     2.000,00         0,00         0,00         0,00
 2021-10  M109BFHA0000000     4.000,00         0,00         0,00         0,00
 2021-10  M109BMAL0000000     3.000,00         0,00         0,00         0,00
